<?xml version="1.0"?>
<opencv_storage>
<R type_id="opencv-matrix">
  <rows>3</rows>
  <cols>3</cols>
  <dt>d</dt>
  <data>
    1.0921790082995887e-002 -3.3133385773951207e-001
    9.4345036393910831e-001 2.7867217593788063e-001
    9.0713485361878399e-001 3.1535404818723084e-001
    -9.6032418112813867e-001 2.5946913509217279e-001
    1.0224106354635557e-001</data></R>
<T type_id="opencv-matrix">
  <rows>3</rows>
  <cols>1</cols>
  <dt>d</dt>
  <data>
    -7.4519125967691025e+001 -1.0557096618105211e+002
    1.5073011678058133e+003</data></T>
<Rl type_id="opencv-matrix">
  <rows>3</rows>
  <cols>3</cols>
  <dt>d</dt>
  <data>
    9.7679921835219119e-001 -2.1153844104500805e-001
    -3.3388246237200270e-002 2.1392665098531460e-001
    9.7104797412338850e-001 1.0630719613022711e-001
    9.9335303269119102e-003 -1.1098342178501619e-001
    9.9377261235361747e-001</data></Rl>
<Rr type_id="opencv-matrix">
  <rows>3</rows>
  <cols>3</cols>
  <dt>d</dt>
  <data>
    4.9258090683946931e-002 6.9783752267743790e-002
    -9.9634525563260756e-001 -2.1910904646281126e-001
    9.7401127183551883e-001 5.7387002844830289e-002
    9.7445619001591322e-001 2.1548148471919604e-001
    6.3268186973242768e-002</data></Rr>
<Pl type_id="opencv-matrix">
  <rows>3</rows>
  <cols>4</cols>
  <dt>d</dt>
  <data>
    -5.3068161922750164e+002 0. -2.8571485050022602e+003 0. 0.
    -5.3068161922750164e+002 1.0697818136215210e+003 0. 0. 0. 1. 0.</data></Pl>
<Pr type_id="opencv-matrix">
  <rows>3</rows>
  <cols>4</cols>
  <dt>d</dt>
  <data>
    -5.3068161922750164e+002 0. -2.8571485050022602e+003
    8.0283116708054789e+005 0. -5.3068161922750164e+002
    1.0697818136215210e+003 0. 0. 0. 1. 0.</data></Pr>
<Q type_id="opencv-matrix">
  <rows>4</rows>
  <cols>4</cols>
  <dt>d</dt>
  <data>
    1. 0. 0. 2.8571485050022602e+003 0. 1. 0. -1.0697818136215210e+003
    0. 0. 0. -5.3068161922750164e+002 0. 0. 6.6101272719306184e-004 0.</data></Q>
</opencv_storage>
