<?xml version="1.0"?>
<opencv_storage>
<INTRINSIC_MATRIX type_id="opencv-matrix">
  <rows>3</rows>
  <cols>3</cols>
  <dt>f</dt>
  <data>
    1.84005261e+003 0. 9.44989868e+002 0. 1.83817017e+003
    5.89992737e+002 0. 0. 1.</data></INTRINSIC_MATRIX>
<distortion_coeff type_id="opencv-matrix">
  <rows>1</rows>
  <cols>4</cols>
  <dt>f</dt>
  <data>
    -1.73999190e-001 9.80499759e-003 -6.29667949e-004 1.45331502e-003</data></distortion_coeff>
</opencv_storage>
